# Created by Octave 4.2.0, Wed Feb 15 10:08:21 2017 CST <Jason@MacBook-Pro.local>
# name: Theta2
# type: matrix
# rows: 10
# columns: 26
 -0.540893713610342 -0.3826926855230823 1.387947843128924 -1.974173172187134 -2.796531960904228 -2.359391560953449 -0.2795635846350936 -1.044710969060827 -1.051084901114494 -1.50692492076157 0.8217741933251923 1.469051621140157 1.263304410546411 1.365381876600754 0.8687844596923634 2.048914280089847 -2.001405796729582 -0.1850613209284028 -0.6364747937897604 -2.565927463539052 1.804665856853604 -1.241728071227505 -0.1044809365814882 -1.69454261708107 -0.4850532332017649 -0.4062433958279374
 -1.031700373627148 1.220933641622881 -2.2400855572666 0.7386156754558972 2.366634081672753 1.890438621094183 -0.3963296389832917 -0.9667101779610598 -1.272924448924186 -1.192411744318344 0.1918989225378755 0.2605135305201043 -2.270745018434901 -0.5074768300602711 -1.304299860656164 -1.398668259147696 -1.345493285509126 -0.0884482871978242 -0.378894952599068 -3.645465136403756 1.688207129143317 -0.9454971370760783 1.452421972231985 -1.145158953732599 0.5223229482084569 -0.5658294760588813
 -1.388975748409513 1.367888383474525 1.263725437698271 0.9107368772739167 0.4024585569910299 -1.908453544517538 -2.061177696439477 -0.5741060911461242 -1.394098424920253 -1.784396382418513 0.8178530492491617 -0.4702446512346837 -0.4893742164046365 0.5588435096717177 1.609281360699326 -2.836916807038597 1.471760522039965 -1.539659191021857 -1.301561555843657 -1.157749878580414 -2.540851171769308 -0.4529803772177157 -1.347012683676421 0.8497867170880867 1.046965691876752 -1.919365130411633
 -1.741915861701096 -0.3490127180534682 -0.7113120487560965 -2.659120931012532 -1.251170839705927 -0.9482169959595532 -0.1694098465754984 1.656046210929107 1.671614097355433 -1.276632881042387 -2.338495194740582 2.074740400996812 1.093323666648931 -0.6949921484372712 -0.8499469430530989 -2.34883243336313 2.70762320432951 0.3691773377101477 -0.4864497311357506 0.3820975409130608 0.6241889085521281 -2.634441006101401 0.8165633677294674 -1.259040354798145 0.9463913309007942 -2.571723159241457
 -1.063096357824816 -2.112307251708466 3.401412760905115 -3.383438778945623 1.49732341728452 -1.396403533545177 -0.1125969878540359 -0.261961215649503 -2.580890132133586 -1.785836846130747 -0.14793984811752 0.2777590433266109 -2.331043439735308 -0.1232158144363896 -0.5883502080810717 0.8646804746203961 1.491973882483216 1.136690134102055 0.13843086457409 0.5419074286713672 -0.8797776011581705 -2.687311481172042 0.1793355073956356 0.3713772877825146 -1.769324292658837 1.428664965305574
 -1.167248933565048 -1.276750579424119 -0.7403576453663473 0.5461220867087362 -2.798417939699312 -0.9355581666851941 -0.1663560039804537 0.7818352680999279 1.262790960461002 -0.08289806427082205 1.917939753332357 1.497598424352735 -1.8133097440998 -1.859905717342759 -1.611676921780398 -1.490409401881344 -1.899932200910541 0.4470846779647507 -1.670821721598202 0.7426824832693889 -0.5256735819752346 0.1508421302810253 0.04407226990067478 -2.181209964648224 -1.719956007498965 2.448619649421491
 -0.7343818499343896 -0.02516916954340623 0.2366963423955177 -0.2706183184639028 0.1598368014128564 0.2567529680188229 -1.978761186463615 1.434315264086642 1.953276939198102 1.218631230428265 -1.30249699502175 -1.07257614127909 0.7310985780277496 -0.9246731632410973 1.244166490106949 1.483835124664548 -2.231100221854005 -3.189883478524691 1.379233419614051 -0.7720256248045626 0.1666409600129089 -0.9215777234033579 -2.335822481783011 -1.804700773316263 0.8353654792756 -1.480863321544504
 -1.397416454871306 2.198240830636361 -2.189746166599882 -1.034314714509468 0.3302827516873797 0.4110083899074272 -0.1679588504830627 0.1563971827162759 -1.897956085383304 -1.788576206486917 -1.045342682447535 -0.1327135946016655 2.375609887432997 1.155577100160616 -2.608668006143508 0.3806622516301038 -2.899177171129567 2.077240989150222 -1.534332365277441 1.160510552360664 -2.876194437522408 -0.2959060636558603 -2.014629971227898 0.854899122885514 -1.815914324743819 -1.692983720441784
 -1.149359461662675 -1.107643043940897 -0.05474170731789651 0.5973250919640919 -3.005697504302877 -0.7162857185842676 -2.040902212903492 -3.202058993052368 1.507412234425695 0.3369658174456461 -0.654751926155271 -3.378590402619999 0.2248478213572956 0.1099994601958344 -0.1400514870590213 -2.274618395979068 -0.3097136100712354 1.941011409855495 2.057718787511153 0.9350922205130925 0.1593793547760458 0.03644971227047788 0.09859013159552329 1.69894705719879 -2.081045454220497 -1.818423337942804
 -0.4403253462470926 -1.650457082562931 -2.859852744581126 1.206506257891449 0.4939142926765075 1.018933910526808 0.2877057921403325 -0.9673175786928555 -1.805928788909096 1.621477590627732 -1.654587924759269 -1.957526431841508 -2.228838893705569 -1.723472522552234 -0.5676119599875356 0.7533950976449005 1.304286476956784 -2.280585806450091 -1.790233412770648 0.3031162027858446 -1.534282195047475 -0.6051406181420285 -1.08233259309654 -0.07755433144832333 -1.219697717029136 1.049616929853997


